$ANSIBLE_VAULT;1.1;AES256
33303861643364623637396635333364373338333464316537373435373031313135373165666533
6234623362396338653761626534636331396265353837620a333732376462306339343230666335
63346461313537623166656435353338633561333038353639666261313839346233303334363730
3236363161393561350a303863333265656561396337376333666436316230373138333936386535
39346262356564383962326663393462613037623838376536626264343266656232623161323631
38366435646430383736613138646434646231313264366165326166393437333465313064623435
37666332306562643864373933663835383235653737333365636561633731616363316433376635
37343266383234373639373666613230626661383861336532356563646161336538663539376134
33333634393765323837323539653434383637643862663631643031353335353562376266353063
33306562386437616231643664313833353962646533343136373737326439383539656665353836
31323434656535363732396332643333613465613832626139623833313737636665326239333061
32643137356536633464343934333637343365386631386235646439343535643837653235386362
30613233616662626331343338373036653961343330616433303935633263646131646362313635
63636362323039623062383930383533663134336532373764656264353230323131653934346563
31623530653463303539646233633436316566393462663136613532353734643761343663333337
62326238386465663939663434653939343366326437613637343862373366353534663931386132
30653232633037616539613630616639626264623131383366336566393265613939
